% Jorge Fernandes
% 104580
% May 2022
function NumMec = tp2_104580()
    try
        % cookies props
        beurre_1 = [0.7445    0.9494    0.4359    0.5195 0.1045
            0.7661    0.9498    0.4384    0.5674 0.1047
            0.6842    0.9416    0.4390    0.6784 0.1085
            0.7564    0.9505    0.4388    0.6414 0.1096
            0.7381    0.9561    0.4372    0.8693 0.1014
            0.7542    0.9481    0.4348    0.5257 0.1068
            0.7648    0.9592    0.4381    0.8071    0.1069
            0.7231    0.9535    0.4375    0.5101    0.0999
            0.6447    0.9381    0.4377    0.5099    0.0973
            0.6810    0.9331    0.4360    0.7425    0.0979
            0.7387    0.9622    0.4365    0.9077    0.1056
            0.7577    0.9700    0.4455    0.9654    0.1028
            0.7780    0.9546    0.4342    0.5442    0.0962
            0.7870    0.9839    0.4404    0.9786    0.1067
            0.7323    0.9492    0.4314    0.8837    0.1179];

        beurre_2 = [0.7373    0.9592    0.5312    0.5752 0.1180
            0.7523    0.9632    0.5311    0.5996 0.1181
            0.7884    0.9683    0.5298    0.5422 0.1210
            0.7395    0.9648    0.5320    0.7816 0.1241
            0.7628    0.9644    0.5340    0.8047 0.1196
            0.7506    0.9592    0.5332    0.6167 0.1187
            0.7448    0.9669    0.5461    0.9506 0.1296
            0.7994    0.9714    0.5327    0.8986 0.1247
            0.7961    0.9713    0.5353    0.9031 0.1226
            0.7984    0.9830    0.5475    0.9689 0.1247
            0.7395    0.9648    0.5320    0.7816    0.1182
            0.7448    0.9669    0.5461    0.9506    0.1155
            0.7119    0.9449    0.5322    0.7505    0.1207];

        choco_1 = [1.0077    0.9915    0.3159    0.8042 0.1266
            1.0168    0.9923    0.3333    0.8166 0.1260
            1.0162    0.9927    0.3305    0.8128 0.1247
            1.0151    0.9895    0.3311    0.8041 0.1258
            0.9996    0.9918    0.3264    0.7916 0.1226
            1.0169    0.9919    0.3246    0.8090 0.1247
            1.0152    0.9894    0.3261    0.8134 0.1202
            1.0067    0.9919    0.3262    0.8038 0.1296
            1.0020    0.9906    0.3165    0.7937 0.1285
            1.0207    0.9906    0.3331    0.8036 0.1247
            1.0001    0.9925    0.3324    0.8010    0.1262
            1.0121    0.9915    0.3243    0.7941    0.1269
            1.0115    0.9919    0.3105    0.8026    0.1266
            1.0207    0.9912    0.3044    0.8093    0.1267
            1.0161    0.9924    0.3440    0.8128    0.1263
            0.9846    0.9901    0.3207    0.7819    0.1266
            1.0137    0.9891    0.3261    0.8123    0.1255
            1.0067    0.9922    0.3093    0.8093    0.1266
            0.9829    0.9883    0.3275    0.7972    0.1268
            0.9748    0.9875    0.3218    0.7828    0.1274
            0.8799    0.9738    0.3597    0.8224    0.1290];

        choco_2 = [1.0074    0.9902    0.2494    0.7816 0.1457
            1.0022    0.9900    0.2492    0.7880 0.1460
            1.0081    0.9885    0.2401    0.7943 0.1453
            1.0144    0.9899    0.2298    0.8141 0.1452
            0.9957    0.9904    0.2476    0.7654 0.1485
            1.0102    0.9901    0.2673    0.8232 0.1465
            1.0124    0.9902    0.2684    0.8436 0.1487
            1.0017    0.9898    0.2388    0.8091 0.1496
            1.0120    0.9902    0.2485    0.8147 0.1402
            1.0136    0.9899    0.2497    0.7949 0.1486
            1.0059    0.9895    0.2601    0.7810 0.1474
            0.9948    0.9890    0.2467    0.7818 0.1496
            0.9941    0.9888    0.2447    0.8158    0.1457
            0.9962    0.9845    0.2449    0.7653    0.1475
            0.9806    0.9871    0.2539    0.7746    0.1463
            0.9833    0.9823    0.2440    0.7573    0.1480];

        confit_1 = [0.7811    0.9373    0.3585    0.5348 0.1748
            0.7747    0.9364    0.3579    0.5379 0.1746
            0.7702    0.9403    0.3583    0.7969 0.1758
            0.7938    0.9303    0.3569    0.5779 0.1785
            0.7272    0.9140    0.3629    0.5390 0.1712
            0.7413    0.9187    0.3439    0.5922 0.1753
            0.8027    0.9370    0.3586    0.5765 0.1769
            0.7883    0.9561    0.3562    0.9528 0.1785
            0.7932    0.9324    0.3582    0.6058 0.1762
            0.7938    0.9303    0.3569    0.5779    0.1742
            0.7883    0.9561    0.3562    0.9528    0.1750
            0.7027    0.9102    0.3401    0.5306    0.1789
            0.7981    0.9381    0.3507    0.8270    0.1745];

        confit_2 = [ 0.9028    0.9701    0.1888    0.7806 0.2029
            0.9270    0.9719    0.2009    0.7960 0.2041
            0.9430    0.9725    0.1964    0.7884 0.2063
            0.8964    0.9677    0.1921    0.7717 0.2041
            0.8596    0.9520    0.1921    0.7702 0.2068
            0.8334    0.9644    0.1961    0.7832 0.2087
            0.7903    0.9623    0.1771    0.7673 0.2081
            0.9006    0.9711    0.2030    0.7872 0.2017
            0.9153    0.9707    0.1983    0.7859 0.2019
            0.9197    0.9693    0.1911    0.7779 0.2057
            0.8757    0.9681    0.1939    0.7755 0.2056
            0.8596    0.9520    0.1921    0.7702    0.2026
            0.8851    0.9689    0.2061    0.7729    0.2029
            0.8704    0.9618    0.1481    0.7681    0.2058];

        craker_1 = [0.9533    0.9839    0.1296    0.7967 0.0984
            0.9303    0.9822    0.1299    0.7977 0.0960
            0.9205    0.9793    0.1034    0.8025 0.0919
            0.8376    0.9776    0.1180    0.7779 0.0841
            0.8781    0.9795    0.1210    0.7840 0.0878
            0.9113    0.9816    0.1267    0.7924 0.0845
            0.9111    0.9767    0.1655    0.7779 0.0847
            0.9711    0.9837    0.1277    0.7971 0.0876
            0.8987    0.9795    0.0958    0.7904 0.0845
            0.9453    0.9829    0.1165    0.7872 0.0863
            0.9149    0.9814    0.1241    0.7905 0.0954
            0.9685    0.9829    0.1623    0.8002 0.0985
            0.9111    0.9767    0.1655    0.7779    0.0982
            0.9453    0.9829    0.1165    0.7872    0.0999
            0.9685    0.9829    0.1623    0.8002    0.0933
            0.8484    0.9723    0.1030    0.7462    0.0969
            0.9037    0.9755    0.1239    0.7841    0.0769
            0.8627    0.9696    0.1112    0.7681    0.0769];

        craker_2 = [0.8361    0.9908    0.3978    0.5508 0.1118
            0.8613    0.9910    0.3946    0.9693 0.1154
            0.8391    0.9894    0.3980    0.5507 0.1114
            0.8503    0.9833    0.3985    0.5768 0.1156
            0.8429    0.9811    0.3983    0.6739 0.1174
            0.8331    0.9694    0.4024    0.6422 0.1165
            0.8429    0.9811    0.3983    0.6739    0.1118
            0.8572    0.9847    0.3991    0.5952    0.1121
            0.8410    0.9895    0.3971    0.8923    0.1126];
